2
100
2 2 11
4 1 3 12 23
3 2 4 13
3 3 5 14
3 4 6 15
3 5 7 16
3 6 8 17
3 7 9 18
3 8 10 19
2 9 20
3 1 12 21
4 2 11 13 22
4 3 12 14 23
4 4 13 15 24
4 5 14 16 25
4 6 15 17 26
4 7 16 18 27
4 8 17 19 28
4 9 18 20 29
3 10 19 30
3 11 22 31
4 12 21 23 32
5 2 13 22 24 33
4 14 23 25 34
4 15 24 26 35
4 16 25 27 36
4 17 26 28 37
4 18 27 29 38
4 19 28 30 39
3 20 29 40
3 21 32 41
4 22 31 33 42
4 23 32 34 43
4 24 33 35 44
4 25 34 36 45
4 26 35 37 46
4 27 36 38 47
4 28 37 39 48
4 29 38 40 49
3 30 39 50
3 31 42 51
4 32 41 43 52
4 33 42 44 53
4 34 43 45 54
4 35 44 46 55
4 36 45 47 56
4 37 46 48 57
4 38 47 49 58
4 39 48 50 59
3 40 49 60
3 41 52 61
4 42 51 53 62
4 43 52 54 63
4 44 53 55 64
4 45 54 56 65
4 46 55 57 66
4 47 56 58 67
4 48 57 59 68
4 49 58 60 69
3 50 59 70
3 51 62 71
4 52 61 63 72
4 53 62 64 73
4 54 63 65 74
4 55 64 66 75
4 56 65 67 76
4 57 66 68 77
4 58 67 69 78
4 59 68 70 79
3 60 69 80
3 61 72 81
4 62 71 73 82
4 63 72 74 83
4 64 73 75 84
4 65 74 76 85
4 66 75 77 86
4 67 76 78 87
4 68 77 79 88
4 69 78 80 89
3 70 79 90
3 71 82 91
4 72 81 83 92
4 73 82 84 93
4 74 83 85 94
4 75 84 86 95
4 76 85 87 96
4 77 86 88 97
4 78 87 89 98
4 79 88 90 99
3 80 89 100
2 81 92
3 82 91 93
3 83 92 94
3 84 93 95
3 85 94 96
3 86 95 97
3 87 96 98
3 88 97 99
3 89 98 100
2 90 99
30
2 2 11
3 1 3 12
3 2 4 13
4 3 5 14 25
4 4 6 15 24
3 5 7 16
3 6 8 17
3 7 9 18
3 8 10 19
2 9 20
3 1 12 21
4 2 11 13 22
4 3 12 14 23
4 4 13 15 24
4 5 14 16 25
4 6 15 17 26
4 7 16 18 27
4 8 17 19 28
4 9 18 20 29
3 10 19 30
2 11 22
3 12 21 23
3 13 22 24
4 5 14 23 25
4 4 15 24 26
3 16 25 27
3 17 26 28
3 18 27 29
3 19 28 30
2 20 29